x_coord=-0.096981
y_coord=-0.043322
