x_coord=-5.000000
y_coord=-2.397372
