x_coord=0.010804
y_coord=-0.007250
